   0   -5  -10  -15  -20  -25  -30  -35  -40  -45  -50  -55  -60  -65  -70  -75  -80  -85  -90  -95 -100 -105 -110 -115 -120 -125 -130 -135 -140 -145 -150 -155 -160 -165 -170 -175 -180 -185 -190 
  -5    2   -3   -8  -13  -18  -23  -28  -33  -38  -43  -48  -53  -58  -63  -68  -73  -78  -83  -88  -93  -98 -103 -108 -113 -118 -123 -128 -133 -138 -143 -148 -153 -158 -163 -168 -173 -178 -183 
 -10   -3    4   -1   -6  -11  -16  -21  -26  -31  -36  -41  -46  -51  -56  -61  -66  -71  -76  -81  -86  -91  -96 -101 -106 -111 -116 -121 -126 -131 -136 -141 -146 -151 -156 -161 -166 -171 -176 
 -15   -8   -1    6    1   -4   -9  -14  -19  -24  -29  -34  -39  -44  -49  -54  -59  -64  -69  -74  -79  -84  -89  -94  -99 -104 -109 -114 -119 -124 -129 -134 -139 -144 -149 -154 -159 -164 -169 
 -20  -13   -6    1    8    3   -2   -7  -12  -17  -22  -27  -32  -37  -42  -47  -52  -57  -62  -67  -72  -77  -82  -87  -92  -97 -102 -107 -112 -117 -122 -127 -132 -137 -142 -147 -152 -157 -162 
 -25  -18  -11   -4    3   10    5    0   -5  -10  -15  -20  -25  -30  -35  -40  -45  -50  -55  -60  -65  -70  -75  -80  -85  -90  -95 -100 -105 -110 -115 -120 -125 -130 -135 -140 -145 -150 -155 
 -30  -23  -16   -9   -2    5   12    7    2   -3   -8  -13  -18  -23  -28  -33  -38  -43  -48  -53  -58  -63  -68  -73  -78  -83  -88  -93  -98 -103 -108 -113 -118 -123 -128 -133 -138 -143 -148 
 -35  -28  -21  -14   -7    0    7   14    9    4   -1   -6  -11  -16  -21  -26  -31  -36  -41  -46  -51  -56  -61  -66  -71  -76  -81  -86  -91  -96 -101 -106 -111 -116 -121 -126 -131 -136 -141 
 -40  -33  -26  -19  -12   -5    2    9   16   11    6    1   -4   -9  -14  -19  -24  -29  -34  -39  -44  -49  -54  -59  -64  -69  -74  -79  -84  -89  -94  -99 -104 -109 -114 -119 -124 -129 -134 
 -45  -38  -31  -24  -17  -10   -3    4   11   18   13    8    3   -2   -7  -12  -17  -22  -27  -32  -37  -42  -47  -52  -57  -62  -67  -72  -77  -82  -87  -92  -97 -102 -107 -112 -117 -122 -127 
 -50  -43  -36  -29  -22  -15   -8   -1    6   13   20   15   10    5    0   -5  -10  -15  -20  -25  -30  -35  -40  -45  -50  -55  -60  -65  -70  -75  -80  -85  -90  -95 -100 -105 -110 -115 -120 
 -55  -48  -41  -34  -27  -20  -13   -6    1    8   15   22   17   12    7    2   -3   -8  -13  -18  -23  -28  -33  -38  -43  -48  -53  -58  -63  -68  -73  -78  -83  -88  -93  -98 -103 -108 -113 
 -60  -53  -46  -39  -32  -25  -18  -11   -4    3   10   17   24   19   14    9    4   -1   -6  -11  -16  -21  -26  -31  -36  -41  -46  -51  -56  -61  -66  -71  -76  -81  -86  -91  -96 -101 -106 
 -65  -58  -51  -44  -37  -30  -23  -16   -9   -2    5   12   19   26   21   16   11    6    1   -4   -9  -14  -19  -24  -29  -34  -39  -44  -49  -54  -59  -64  -69  -74  -79  -84  -89  -94  -99 
 -70  -63  -56  -49  -42  -35  -28  -21  -14   -7    0    7   14   21   28   23   18   13    8    3   -2   -7  -12  -17  -22  -27  -32  -37  -42  -47  -52  -57  -62  -67  -72  -77  -82  -87  -92 
 -75  -68  -61  -54  -47  -40  -33  -26  -19  -12   -5    2    9   16   23   30   25   20   15   10    5    0   -5  -10  -15  -20  -25  -30  -35  -40  -45  -50  -55  -60  -65  -70  -75  -80  -85 
 -80  -73  -66  -59  -52  -45  -38  -31  -24  -17  -10   -3    4   11   18   25   32   27   22   17   12    7    2   -3   -8  -13  -18  -23  -28  -33  -38  -43  -48  -53  -58  -63  -68  -73  -78 
 -85  -78  -71  -64  -57  -50  -43  -36  -29  -22  -15   -8   -1    6   13   20   27   34   29   24   19   14    9    4   -1   -6  -11  -16  -21  -26  -31  -36  -41  -46  -51  -56  -61  -66  -71 
 -90  -83  -76  -69  -62  -55  -48  -41  -34  -27  -20  -13   -6    1    8   15   22   29   36   31   26   21   16   11    6    1   -4   -9  -14  -19  -24  -29  -34  -39  -44  -49  -54  -59  -64 
 -95  -88  -81  -74  -67  -60  -53  -46  -39  -32  -25  -18  -11   -4    3   10   17   24   31   38   33   28   23   18   13    8    3   -2   -7  -12  -17  -22  -27  -32  -37  -42  -47  -52  -57 
-100  -93  -86  -79  -72  -65  -58  -51  -44  -37  -30  -23  -16   -9   -2    5   12   19   26   33   40   35   30   25   20   15   10    5    0   -5  -10  -15  -20  -25  -30  -35  -40  -45  -50 
-105  -98  -91  -84  -77  -70  -63  -56  -49  -42  -35  -28  -21  -14   -7    0    7   14   21   28   35   42   37   32   27   22   17   12    7    2   -3   -8  -13  -18  -23  -28  -33  -38  -43 
-110 -103  -96  -89  -82  -75  -68  -61  -54  -47  -40  -33  -26  -19  -12   -5    2    9   16   23   30   37   44   39   34   29   24   19   14    9    4   -1   -6  -11  -16  -21  -26  -31  -36 
-115 -108 -101  -94  -87  -80  -73  -66  -59  -52  -45  -38  -31  -24  -17  -10   -3    4   11   18   25   32   39   46   41   36   31   26   21   16   11    6    1   -4   -9  -14  -19  -24  -29 
-120 -113 -106  -99  -92  -85  -78  -71  -64  -57  -50  -43  -36  -29  -22  -15   -8   -1    6   13   20   27   34   41   48   43   38   33   28   23   18   13    8    3   -2   -7  -12  -17  -22 
-125 -118 -111 -104  -97  -90  -83  -76  -69  -62  -55  -48  -41  -34  -27  -20  -13   -6    1    8   15   22   29   36   43   50   45   40   35   30   25   20   15   10    5    0   -5  -10  -15 
-130 -123 -116 -109 -102  -95  -88  -81  -74  -67  -60  -53  -46  -39  -32  -25  -18  -11   -4    3   10   17   24   31   38   45   52   47   42   37   32   27   22   17   12    7    2   -3   -8 
-135 -128 -121 -114 -107 -100  -93  -86  -79  -72  -65  -58  -51  -44  -37  -30  -23  -16   -9   -2    5   12   19   26   33   40   47   54   49   44   39   34   29   24   19   14    9    4   -1 
-140 -133 -126 -119 -112 -105  -98  -91  -84  -77  -70  -63  -56  -49  -42  -35  -28  -21  -14   -7    0    7   14   21   28   35   42   49   56   51   46   41   36   31   26   21   16   11    6 
-145 -138 -131 -124 -117 -110 -103  -96  -89  -82  -75  -68  -61  -54  -47  -40  -33  -26  -19  -12   -5    2    9   16   23   30   37   44   51   58   53   48   43   38   33   28   23   18   13 
-150 -143 -136 -129 -122 -115 -108 -101  -94  -87  -80  -73  -66  -59  -52  -45  -38  -31  -24  -17  -10   -3    4   11   18   25   32   39   46   53   60   55   50   45   40   35   30   25   20 
-155 -148 -141 -134 -127 -120 -113 -106  -99  -92  -85  -78  -71  -64  -57  -50  -43  -36  -29  -22  -15   -8   -1    6   13   20   27   34   41   48   55   62   57   52   47   42   37   32   27 
-160 -153 -146 -139 -132 -125 -118 -111 -104  -97  -90  -83  -76  -69  -62  -55  -48  -41  -34  -27  -20  -13   -6    1    8   15   22   29   36   43   50   57   64   59   54   49   44   39   34 
-165 -158 -151 -144 -137 -130 -123 -116 -109 -102  -95  -88  -81  -74  -67  -60  -53  -46  -39  -32  -25  -18  -11   -4    3   10   17   24   31   38   45   52   59   66   61   56   51   46   41 
-170 -163 -156 -149 -142 -135 -128 -121 -114 -107 -100  -93  -86  -79  -72  -65  -58  -51  -44  -37  -30  -23  -16   -9   -2    5   12   19   26   33   40   47   54   61   68   63   58   53   48 
-175 -168 -161 -154 -147 -140 -133 -126 -119 -112 -105  -98  -91  -84  -77  -70  -63  -56  -49  -42  -35  -28  -21  -14   -7    0    7   14   21   28   35   42   49   56   63   70   65   60   55 
-180 -173 -166 -159 -152 -145 -138 -131 -124 -117 -110 -103  -96  -89  -82  -75  -68  -61  -54  -47  -40  -33  -26  -19  -12   -5    2    9   16   23   30   37   44   51   58   65   72   67   62 
-185 -178 -171 -164 -157 -150 -143 -136 -129 -122 -115 -108 -101  -94  -87  -80  -73  -66  -59  -52  -45  -38  -31  -24  -17  -10   -3    4   11   18   25   32   39   46   53   60   67   74   69 
-190 -183 -176 -169 -162 -155 -148 -141 -134 -127 -120 -113 -106  -99  -92  -85  -78  -71  -64  -57  -50  -43  -36  -29  -22  -15   -8   -1    6   13   20   27   34   41   48   55   62   69   76 
